Markers in camera coordinate system
Marker: 1
center: [ 84.689575 383.76334 ]
M: [[ 0.037851553 -0.9987088   -0.03388203  -0.3163591  ]
 [-0.43596327   0.014005126 -0.8998555    0.19241914 ]
 [ 0.89916813   0.04883225  -0.43487024   0.8076311  ]
 [ 0.           0.           0.           1.         ]]
Marker: 2
center: [152.21622 271.01257]
M: [[ 0.034588423 -0.99891603  -0.03115097  -0.30546293 ]
 [-0.43774763   0.012877858 -0.89900565   0.05980945 ]
 [ 0.8984323    0.04473145  -0.4368277    1.0792938  ]
 [ 0.           0.           0.           1.         ]]
Marker: 3
center: [192.34401 203.38992]
M: [[ 0.042911418  -0.9986459    -0.029410094  -0.2965068   ]
 [-0.45258045    0.0068132663 -0.8916975    -0.075759575 ]
 [ 0.8906905     0.05157444   -0.45167527    1.3615885   ]
 [ 0.            0.            0.            1.          ]]
Marker: 4
center: [313.15155 382.40833]
M: [[ 0.036621567 -0.99875885  -0.03375887  -0.013964568]
 [-0.4311909    0.014682606 -0.9021413    0.18670575 ]
 [ 0.9015172    0.047594342 -0.43011802   0.7880998  ]
 [ 0.           0.           0.           1.         ]]
Marker: 5
center: [322.20947 269.05682]
M: [[ 0.03472317  -0.9988931   -0.031732317 -0.002940049]
 [-0.43470925   0.013494448 -0.9004698    0.05532676 ]
 [ 0.8999012    0.045061495 -0.43375948   1.0553132  ]
 [ 0.           0.           0.           1.         ]]
Marker: 6
center: [327.51013 201.46704]
M: [[ 0.036189713 -0.9988382   -0.031820837  0.008041674]
 [-0.44511      0.012398064 -0.8953901   -0.07872895 ]
 [ 0.89474434   0.046567682 -0.4441442    1.3283525  ]
 [ 0.           0.           0.           1.         ]]
Marker: 7
center: [550.6727  382.43726]
M: [[ 0.037931994 -0.9986341   -0.03593191   0.2883457  ]
 [-0.43116263   0.016082395 -0.9021309    0.1831936  ]
 [ 0.90147656   0.049712118 -0.42996368   0.7772466  ]
 [ 0.           0.           0.           1.         ]]
Marker: 8
center: [497.289   267.28912]
M: [[ 0.03758768  -0.9986714   -0.03525086   0.29907656 ]
 [-0.43478245   0.01541802  -0.9004035    0.051462974]
 [ 0.89975077   0.04917053  -0.43362525   1.0468295  ]
 [ 0.           0.           0.           1.         ]]
Marker: 9
center: [465.92484 198.62227]
M: [[ 0.02602748  -0.9988561   -0.040111978  0.31249762 ]
 [-0.46157056   0.023584357 -0.8867899   -0.08449094 ]
 [ 0.8867216    0.041595414 -0.46042874   1.3303041  ]
 [ 0.           0.           0.           1.         ]]

